MAX_WORKLOAD 20
DELAY_PENALTY 1.0

CENTERS
1 10 10 30
2 40 10 30
3 70 10 30
4 25 50 30
5 55 50 30

CAREGIVERS
10 1 1
11 1 3
12 2 1
13 2 3
14 3 1
15 3 3
16 4 1
17 4 3
18 5 1
19 5 3

CUSTOMERS
1 8 9 1 10 5 10
2 12 11 2 12 10 15
3 14 8 3 15 15 20
4 6 13 1 10 20 10
5 9 15 2 12 25 15
6 11 6 3 15 30 20
7 7 10 1 10 35 10
8 13 12 2 12 40 15
9 15 14 3 15 45 20
10 5 8 1 10 50 10
11 9 6 2 12 55 15
12 12 7 3 15 60 20
13 6 11 1 10 65 10
14 10 13 2 12 70 15
15 14 10 3 15 75 20
16 8 16 1 10 80 10
17 11 15 2 12 85 15
18 13 17 3 15 90 20
19 7 14 1 10 95 10
20 15 12 2 12 100 15
21 8 7 3 15 105 20
22 10 5 1 10 110 10
23 14 6 2 12 115 15
24 16 9 3 15 120 20
25 6 8 1 10 125 10
26 9 11 2 12 130 15
27 12 13 3 15 135 20
28 5 12 1 10 140 10
29 7 6 2 12 145 15
30 13 8 3 15 150 20

31 38 9 1 10 5 10
32 42 11 2 12 10 15
33 44 8 3 15 15 20
34 36 13 1 10 20 10
35 39 15 2 12 25 15
36 41 6 3 15 30 20
37 37 10 1 10 35 10
38 43 12 2 12 40 15
39 45 14 3 15 45 20
40 35 8 1 10 50 10
41 39 6 2 12 55 15
42 42 7 3 15 60 20
43 36 11 1 10 65 10
44 40 13 2 12 70 15
45 44 10 3 15 75 20
46 38 16 1 10 80 10
47 41 15 2 12 85 15
48 43 17 3 15 90 20
49 37 14 1 10 95 10
50 45 12 2 12 100 15
51 38 7 3 15 105 20
52 40 5 1 10 110 10
53 44 6 2 12 115 15
54 46 9 3 15 120 20
55 36 8 1 10 125 10
56 39 11 2 12 130 15
57 42 13 3 15 135 20
58 35 12 1 10 140 10
59 37 6 2 12 145 15
60 43 8 3 15 150 20

61 68 9 1 10 5 10
62 72 11 2 12 10 15
63 74 8 3 15 15 20
64 66 13 1 10 20 10
65 69 15 2 12 25 15
66 71 6 3 15 30 20
67 67 10 1 10 35 10
68 73 12 2 12 40 15
69 75 14 3 15 45 20
70 65 8 1 10 50 10
71 69 6 2 12 55 15
72 72 7 3 15 60 20
73 66 11 1 10 65 10
74 70 13 2 12 70 15
75 74 10 3 15 75 20
76 68 16 1 10 80 10
77 71 15 2 12 85 15
78 73 17 3 15 90 20
79 67 14 1 10 95 10
80 75 12 2 12 100 15
81 68 7 3 15 105 20
82 70 5 1 10 110 10
83 74 6 2 12 115 15
84 76 9 3 15 120 20
85 66 8 1 10 125 10
86 69 11 2 12 130 15
87 72 13 3 15 135 20
88 65 12 1 10 140 10
89 67 6 2 12 145 15
90 73 8 3 15 150 20

91 23 49 1 10 5 10
92 27 51 2 12 10 15
93 29 48 3 15 15 20
94 21 53 1 10 20 10
95 24 55 2 12 25 15
96 26 46 3 15 30 20
97 22 50 1 10 35 10
98 28 52 2 12 40 15
99 30 54 3 15 45 20
100 20 48 1 10 50 10
101 24 46 2 12 55 15
102 27 47 3 15 60 20
103 21 51 1 10 65 10
104 25 53 2 12 70 15
105 29 50 3 15 75 20
106 23 56 1 10 80 10
107 26 55 2 12 85 15
108 28 57 3 15 90 20
109 22 54 1 10 95 10
110 30 52 2 12 100 15
111 23 47 3 15 105 20
112 25 45 1 10 110 10
113 29 46 2 12 115 15
114 31 49 3 15 120 20
115 21 48 1 10 125 10
116 24 51 2 12 130 15
117 27 53 3 15 135 20
118 20 52 1 10 140 10
119 22 46 2 12 145 15
120 28 48 3 15 150 20

121 53 49 1 10 5 10
122 57 51 2 12 10 15
123 59 48 3 15 15 20
124 51 53 1 10 20 10
125 54 55 2 12 25 15
126 56 46 3 15 30 20
127 52 50 1 10 35 10
128 58 52 2 12 40 15
129 60 54 3 15 45 20
130 50 48 1 10 50 10
131 54 46 2 12 55 15
132 57 47 3 15 60 20
133 51 51 1 10 65 10
134 55 53 2 12 70 15
135 59 50 3 15 75 20
136 53 56 1 10 80 10
137 56 55 2 12 85 15
138 58 57 3 15 90 20
139 52 54 1 10 95 10
140 60 52 2 12 100 15
141 53 47 3 15 105 20
142 55 45 1 10 110 10
143 59 46 2 12 115 15
144 61 49 3 15 120 20
145 51 48 1 10 125 10
146 54 51 2 12 130 15
147 57 53 3 15 135 20
148 50 52 1 10 140 10
149 52 46 2 12 145 15
150 58 48 3 15 150 20
