MAX_WORKLOAD 6
DELAY_PENALTY 1.0

CENTERS
1 5 5 12
2 30 6 12
3 15 25 12
4 40 24 12

CAREGIVERS
10 1 1
11 1 2
12 1 3
13 1 2

14 2 1
15 2 2
16 2 3
17 2 1

18 3 1
19 3 2
20 3 3
21 3 2

22 4 1
23 4 2
24 4 3
25 4 2

CUSTOMERS
1 2 4 1 10 2 10
2 4 7 2 12 4 15
3 7 3 3 15 6 20
4 8 8 1 10 8 10
5 3 10 2 12 10 15
6 10 5 3 15 12 20
7 6 12 1 10 14 10
8 11 9 2 12 16 15
9 1 8 1 10 18 10
10 9 1 3 15 20 20

11 27 4 1 10 2 10
12 31 3 2 12 4 15
13 34 7 3 15 6 20
14 29 9 1 10 8 10
15 36 5 2 12 10 15
16 25 8 3 15 12 20
17 32 11 1 10 14 10
18 38 9 2 12 16 15
19 28 1 1 10 18 10
20 35 12 3 15 20 20

21 12 22 1 10 2 10
22 15 27 2 12 4 15
23 18 24 3 15 6 20
24 10 28 1 10 8 10
25 20 29 2 12 10 15
26 14 19 3 15 12 20
27 8 24 1 10 14 10
28 22 23 2 12 16 15
29 16 31 1 10 18 10
30 11 18 3 15 20 20

31 37 21 1 10 2 10
32 42 22 2 12 4 15
33 45 26 3 15 6 20
34 39 28 1 10 8 10
35 48 24 2 12 10 15
36 35 27 3 15 12 20
37 43 30 1 10 14 10
38 50 29 2 12 16 15
39 41 18 1 10 18 10
40 47 31 3 15 20 20

41 13 10 1 10 22 10
42 18 8 2 12 24 15
43 23 12 3 15 26 20
44 21 17 1 10 28 10
45 26 16 2 12 30 15
46 30 18 3 15 32 20
47 33 20 1 10 34 10
48 28 22 2 12 36 15
