MAX_WORKLOAD 10
DELAY_PENALTY 1.0

CENTERS
1 99 109 300
2 173 94 300
3 169 124 300
4 82 74 300

CAREGIVERS
10 1 1
11 1 3
12 1 2
13 1 2
14 1 1
15 1 1
16 1 1
17 1 2
18 1 2
19 1 2
20 1 3
21 1 3
22 1 3
23 1 3
24 1 1
25 1 1
26 1 1
27 1 2
28 1 3
29 1 1
30 1 2
31 1 1
32 1 1
33 1 1
34 1 3
35 1 2
36 1 1
37 1 2
38 1 2
39 1 1
40 1 3
41 1 1
42 1 1

43 2 3
44 2 3
45 2 2
46 2 1
47 2 1
48 2 2
49 2 1
50 2 1
51 2 3
52 2 1
53 2 3
54 2 1
55 2 2
56 2 1
57 2 2
58 2 2
59 2 1
60 2 3
61 2 2
62 2 3
63 2 2
64 2 2
65 2 3
66 2 1
67 2 1
68 2 3
69 2 1
70 2 3
71 2 1
72 2 3
73 2 1
74 2 1
75 2 2
76 2 1
77 2 2
78 2 1
79 2 3
80 2 2
81 2 1
82 2 1

83 3 2
84 3 2
85 3 3
86 3 2
87 3 1
88 3 3
89 3 1
90 3 2
91 3 2
92 3 1
93 3 1
94 3 1
95 3 3
96 3 2
97 3 2
98 3 2
99 3 1
100 3 1
101 3 2
102 3 2
103 3 2
104 3 2
105 3 3
106 3 2
107 3 1
108 3 1
109 3 1
110 3 1
111 3 3
112 3 1
113 3 2
114 3 3
115 3 1

116 4 1
117 4 2
118 4 1
119 4 1
120 4 1
121 4 1
122 4 3
123 4 2
124 4 2
125 4 3
126 4 2
127 4 1
128 4 2
129 4 2
130 4 2
131 4 2
132 4 1
133 4 1
134 4 3
135 4 1
136 4 2
137 4 2
138 4 1
139 4 2
140 4 1
141 4 3
142 4 3

CUSTOMERS
1 181 91 2 45 0 120
2 81 45 1 20 0 120
3 179 91 1 30 300 480
4 184 112 2 30 180 300
5 170 110 2 30 300 360
6 68 58 2 45 180 360
7 130 95 3 20 180 240
8 74 121 2 30 180 240
9 114 113 1 30 120 240
10 174 113 1 45 180 300
11 84 113 1 20 60 180
12 182 106 2 30 240 420
13 131 130 2 30 300 420
14 177 123 3 30 240 360
15 177 136 1 30 180 360
16 164 97 2 45 240 300
17 188 87 1 45 120 240
18 177 126 2 20 300 480
19 100 125 2 30 120 240
20 161 107 2 45 240 360
21 109 91 1 30 300 480
22 168 82 2 20 0 120
23 140 104 1 20 300 480
24 151 95 2 30 240 420
25 86 110 2 30 180 240
26 42 54 2 30 60 120
27 85 136 1 60 60 180
28 144 113 2 30 240 420
29 103 91 1 30 180 240
30 111 119 1 30 240 420
31 114 109 2 30 60 120
32 93 92 2 30 0 60
33 105 81 2 30 120 180
34 86 113 1 30 60 180
35 116 100 1 30 240 420
36 94 86 1 20 0 180
37 57 47 2 30 300 360
38 116 126 1 30 0 120
39 156 71 1 20 240 300
40 79 80 2 30 60 240
41 83 112 2 30 240 420
42 177 151 3 30 60 120
43 89 113 1 45 60 180
44 71 87 2 60 0 60
45 165 113 2 30 120 240
46 62 74 1 30 60 120
47 105 87 1 30 180 240
48 122 70 2 60 240 300
49 178 91 2 20 0 60
50 154 156 2 60 0 180
51 156 127 1 20 60 180
52 72 97 1 30 0 60
53 192 102 1 60 240 360
54 111 85 1 60 60 240
55 93 108 2 60 0 180
56 167 129 2 45 60 120
57 171 92 2 45 240 360
58 94 98 2 30 240 360
59 80 96 1 45 60 240
60 140 113 2 30 180 240
61 172 139 1 20 240 300
62 170 127 2 30 120 300
63 38 77 2 30 60 240
64 197 121 2 45 180 240
65 80 43 2 30 120 300
66 80 114 1 30 120 300
67 180 95 1 45 60 180
68 95 87 1 30 240 420
69 123 117 1 45 240 300
70 188 103 1 30 300 420
71 125 114 2 20 120 300
72 182 131 1 45 300 480
73 163 98 1 30 0 180
74 103 85 1 30 60 240
75 156 162 2 30 0 180
76 167 104 2 30 120 180
77 147 84 1 45 300 420
78 100 77 3 20 300 360
79 184 106 2 30 60 240
80 95 60 2 30 0 120
81 151 124 3 30 120 180
82 134 125 2 30 60 120
83 87 145 2 20 240 360
84 166 134 3 30 120 300
85 92 83 2 45 120 180
86 73 119 3 30 60 120
87 161 150 2 30 0 180
88 193 66 1 30 240 420
89 157 66 2 30 180 360
90 81 100 2 60 0 60
91 177 116 1 45 240 420
92 150 125 1 30 180 360
93 158 117 2 45 120 300
94 200 134 2 60 300 420
95 171 104 1 30 300 420
96 183 125 2 60 60 120
97 207 103 2 60 300 480
98 183 132 1 20 0 120
99 35 87 3 30 60 240
100 164 101 1 20 0 180
101 117 98 1 30 0 180
102 49 108 2 30 0 180
103 168 124 1 45 300 360
104 161 140 2 30 120 300
105 229 71 1 45 180 240
106 169 95 1 45 60 120
107 83 116 2 20 120 300
108 179 116 2 30 60 240
109 108 120 2 30 240 360
110 93 118 1 20 240 420
111 116 114 2 60 240 420
112 138 113 1 30 300 420
113 182 88 3 45 0 120
114 176 123 1 30 0 120
115 201 112 1 30 300 420
116 157 86 1 60 240 360
117 135 130 2 45 240 360
118 81 95 2 30 240 300
119 178 111 1 45 300 420
120 103 104 2 30 240 420
121 155 114 1 30 60 240
122 172 125 1 20 180 360
123 156 124 2 30 60 180
124 92 112 1 30 60 120
125 109 116 2 30 60 240
126 193 104 2 20 120 300
127 103 93 2 30 0 180
128 161 126 1 30 0 180
129 163 94 1 45 120 240
130 188 104 1 30 120 240
131 197 104 2 30 120 180
132 147 62 2 45 180 240
133 203 126 1 45 60 240
134 149 87 3 20 300 360
135 119 116 2 45 0 120
136 57 113 2 20 240 360
137 187 101 2 30 240 360
138 81 105 1 60 240 300
139 174 98 2 30 300 360
140 83 73 1 45 300 360
141 80 68 3 45 240 300
142 139 125 2 30 120 240
143 173 96 2 30 240 300
144 209 117 1 45 120 300
145 105 113 2 30 120 240
146 158 73 2 30 300 360
147 103 101 2 30 300 360
148 98 102 2 45 0 120
149 184 88 1 20 240 420
150 111 95 2 60 0 180
151 79 77 1 30 240 300
152 135 103 1 30 240 420
153 94 127 1 20 240 300
154 156 131 3 20 180 300
155 168 113 1 45 300 480
156 89 66 2 20 120 180
157 171 117 2 30 300 420
158 38 52 1 45 240 420
159 87 113 2 30 0 120
160 97 119 1 30 300 480
161 177 93 2 30 240 420
162 128 90 2 30 180 300
163 49 133 1 45 180 240
164 112 99 1 30 0 180
165 135 137 1 60 0 60
166 50 102 2 30 240 300
167 81 59 1 60 300 420
168 85 127 3 20 0 60
169 60 53 3 30 60 180
170 76 76 3 20 120 240
171 199 146 1 60 60 180
172 217 119 2 30 300 420
173 168 115 1 30 60 180
174 212 119 2 30 300 360
175 121 118 1 30 60 240
176 110 92 2 20 0 180
177 186 100 2 30 180 300
178 122 51 2 30 60 240
179 70 50 2 60 180 360
180 184 144 1 45 300 480
181 122 127 1 20 0 120
182 66 133 2 30 300 360
183 196 74 2 20 240 420
184 147 95 1 45 0 60
185 116 131 1 20 0 180
186 210 119 2 45 180 360
187 78 70 1 20 240 360
188 78 107 3 30 0 180
189 108 111 2 30 120 240
190 174 78 1 20 60 180
191 160 118 2 20 300 360
192 58 86 3 30 300 420
193 102 112 2 20 0 120
194 85 83 2 30 0 120
195 150 99 1 45 0 60
196 178 148 2 30 300 420
197 165 106 1 30 0 60
198 140 75 2 30 0 60
199 87 90 1 30 300 420
200 155 90 2 30 300 360
201 85 50 1 30 300 420
202 175 135 1 60 180 240
203 164 87 2 30 300 480
204 101 111 1 45 60 120
205 108 75 1 45 240 420
206 150 126 1 60 180 300
207 83 65 2 60 300 420
208 181 114 2 20 0 60
209 112 79 1 30 120 300
210 153 127 1 30 0 180
211 44 111 1 30 120 300
212 145 85 2 30 60 240
213 207 114 1 45 120 300
214 197 100 1 60 240 360
215 207 111 1 30 300 360
216 165 142 2 20 240 360
217 184 107 1 20 60 240
218 160 64 2 20 240 300
219 179 113 1 30 180 240
220 180 93 1 20 120 240
221 98 75 2 30 300 420
222 106 101 2 45 60 120
223 81 93 1 20 120 180
224 137 111 1 30 300 480
225 207 149 1 30 0 120
226 194 116 2 45 120 300
227 157 91 1 30 60 180
228 91 90 1 45 180 360
229 184 115 1 30 0 120
230 95 100 1 20 180 240
231 182 93 1 30 60 120
232 111 91 2 30 120 300
233 129 106 1 60 240 420
234 163 114 2 20 180 360
235 85 98 1 30 300 480
236 195 117 2 30 120 240
237 97 87 1 30 120 180
238 83 122 1 30 0 60
239 98 94 2 30 180 360
240 74 120 2 30 240 360
241 158 98 3 45 240 300
242 70 106 2 45 0 180
243 79 89 1 60 240 300
244 123 121 2 20 0 60
245 127 82 3 60 120 300
246 133 107 2 45 60 180
247 99 123 2 30 0 120
248 167 120 3 30 60 180
249 205 145 2 45 180 300
250 94 117 1 30 120 240
251 176 102 1 20 120 240
252 91 120 1 30 240 300
253 103 89 1 30 300 480
254 179 120 1 30 180 360
255 81 56 1 30 240 300
256 174 111 1 20 180 360
257 77 56 2 45 180 240
258 69 61 2 30 0 120
259 193 130 2 30 0 120
260 88 79 1 45 240 300
261 178 133 1 30 60 240
262 179 103 2 30 240 360
263 157 141 1 30 180 240
264 155 125 2 30 300 420
265 170 119 1 30 120 240
266 159 132 2 30 300 480
267 143 114 1 45 120 180
268 119 59 2 45 120 300
269 194 88 2 30 0 60
270 65 82 2 30 300 360
271 92 68 1 30 180 240
272 179 96 2 20 60 240
273 188 107 1 30 180 240
274 171 129 1 20 300 420
275 168 99 1 30 300 480
276 172 86 1 60 0 60
277 152 67 2 20 120 300
278 74 91 2 30 240 360
279 68 81 1 30 120 180
280 79 62 2 30 240 300
281 85 70 2 30 300 420
282 171 75 3 45 60 180
283 152 120 2 20 300 480
284 157 84 1 30 300 420
285 82 114 1 30 240 300
286 201 129 2 20 120 180
287 197 86 1 30 120 300
288 162 86 1 30 0 60
289 195 117 3 30 60 180
290 160 136 3 30 300 360
291 162 122 2 45 240 360
292 197 124 3 30 240 300
293 153 129 1 20 180 300
294 97 113 1 30 300 420
295 113 113 1 30 300 480
296 85 50 1 20 0 60
297 181 97 1 30 300 360
298 81 80 2 20 60 180
299 152 101 3 20 120 240
300 159 79 1 30 300 420
301 70 84 1 45 120 180
302 53 51 1 30 300 480
303 201 92 1 30 300 420
304 68 80 3 45 120 180
305 85 75 2 30 0 180
306 69 79 2 20 300 360
307 93 81 2 30 120 240
308 187 130 2 45 240 360
309 160 125 3 45 240 300
310 142 93 2 30 0 180
311 102 77 2 30 180 300
312 200 101 2 30 240 420
313 197 102 2 20 180 300
314 134 120 3 30 300 420
315 86 86 1 30 0 60
316 218 85 1 30 0 60
317 178 98 1 30 240 300
318 96 101 1 45 0 60
319 84 90 2 20 120 240
320 69 68 1 30 180 240
321 187 100 2 60 60 120
322 102 102 1 20 180 300
323 184 110 2 20 180 240
324 86 106 3 30 0 120
325 173 92 2 60 0 180
326 89 65 3 20 300 420
327 86 83 1 30 60 120
328 113 80 2 30 180 240
329 154 151 1 30 60 180
330 182 102 2 60 120 240
331 166 93 2 30 180 240
332 178 121 2 30 120 300
333 199 100 1 45 60 180
334 181 82 1 20 120 300
335 80 67 1 30 60 240
336 131 105 1 60 240 300
337 75 84 2 45 0 60
338 182 92 1 30 180 240
339 143 135 2 45 120 300
340 160 82 1 30 180 240
341 97 44 2 20 120 180
342 163 86 3 45 300 360
343 163 149 1 45 240 360
344 134 113 2 20 120 300
345 116 99 2 60 0 180
346 180 93 2 30 60 180
347 211 66 2 60 120 240
348 188 122 1 30 180 360
349 79 71 2 30 0 60
350 23 83 2 60 60 180
351 191 138 1 30 180 300
352 207 97 2 60 60 180
353 92 85 2 20 240 300
354 190 129 1 30 300 420
355 170 84 1 20 180 240
356 86 46 1 30 60 180
357 85 106 1 30 120 300
358 78 86 1 30 0 60
359 174 124 1 30 300 480
360 86 29 2 30 180 300
361 110 122 2 30 180 240
362 113 64 1 45 60 240
363 121 97 1 30 60 180
364 176 89 2 20 240 300
365 78 112 2 30 60 240
366 58 46 3 30 0 120
367 101 120 2 30 240 300
368 65 65 1 30 0 120
369 164 127 3 20 300 480
370 127 72 1 30 180 240
371 128 102 2 45 0 60
372 108 87 2 45 240 360
373 166 96 1 30 240 420
374 175 68 2 20 240 360
375 120 90 1 30 300 360
376 184 94 2 30 180 360
377 101 97 1 30 240 360
378 147 76 2 30 0 120
379 185 152 2 45 120 180
380 196 99 1 30 120 300
381 182 126 1 20 180 300
382 178 155 2 30 300 360
383 128 120 2 45 120 180
384 180 94 3 20 120 300
385 90 72 2 30 0 120
386 140 96 1 60 120 240
387 99 139 1 30 300 420
388 203 61 1 20 240 300
389 106 116 1 60 180 360
390 170 102 2 30 240 300
391 70 66 1 20 180 360
392 149 144 1 60 60 240
393 183 100 1 30 120 300
394 190 128 2 45 180 300
395 55 75 2 30 120 180
396 143 146 1 30 180 240
397 85 108 1 30 240 300
398 144 144 1 20 240 420
399 186 88 3 30 120 300
400 163 108 1 30 60 120
401 203 92 1 30 240 300
402 174 87 2 30 60 240
403 80 60 2 20 180 300
404 159 139 2 30 240 420
405 38 88 2 30 180 300
406 186 81 1 20 180 360
407 64 91 2 30 240 420
408 150 111 1 30 300 480
409 130 113 1 30 60 180
410 64 111 1 30 300 360
411 182 96 1 30 0 60
412 165 106 1 20 300 360
413 97 106 1 20 300 420
414 192 135 1 30 0 180
415 175 57 3 20 120 300
416 92 86 2 45 0 60
417 69 74 2 45 240 360
418 163 109 2 20 180 360
419 200 94 1 30 120 240
420 85 68 2 30 120 180
421 195 71 2 30 300 480
422 160 90 2 20 300 480
423 179 85 2 45 240 300
424 167 93 3 20 60 120
425 87 54 2 30 0 180
426 144 92 1 30 60 180
427 85 63 1 60 120 180
428 126 134 2 30 60 180
429 59 86 2 30 0 180
430 178 109 3 20 60 120
431 89 82 1 30 60 180
432 168 120 2 30 180 360
433 75 91 1 30 300 360
434 196 81 2 20 0 180
435 163 119 1 30 0 180
436 149 136 1 20 180 360
437 61 94 1 30 60 180
438 91 80 2 60 240 360
439 174 69 3 30 300 420
440 161 103 1 45 0 120
441 77 89 2 45 180 300
442 186 115 1 20 180 300
443 159 93 3 20 120 240
444 96 120 1 30 0 120
445 101 87 2 30 180 240
446 114 107 2 30 240 420
447 101 111 1 45 240 360
448 173 104 2 20 0 120
449 169 103 2 30 0 180
450 172 91 1 30 240 360
451 164 52 2 45 240 360
452 132 129 1 30 60 240
453 93 97 1 30 180 360
454 87 107 1 30 180 360
455 131 100 2 30 60 120
456 60 117 2 20 240 300
457 187 92 3 30 240 300
458 183 140 3 45 300 360
459 116 60 2 30 60 120
460 185 139 1 45 0 180
461 63 113 2 45 0 60
462 169 93 2 20 60 180
463 158 102 2 30 0 60
464 173 98 1 60 60 120
465 167 96 2 45 180 360
466 165 92 3 30 60 180
467 54 96 1 20 0 60
468 185 134 2 30 0 180
469 183 145 1 20 180 300
470 175 127 2 30 180 300
471 177 108 1 45 300 480
472 104 124 2 45 120 300
473 174 108 1 30 300 360
474 190 77 3 30 0 120
475 154 103 1 30 300 420
476 181 132 2 20 180 300
477 130 108 1 30 300 360
478 51 79 1 30 300 360
479 97 69 3 60 300 420
480 51 81 1 20 180 360
481 103 83 1 30 240 300
482 96 108 2 30 180 240
483 111 129 1 45 120 240
484 176 138 2 30 240 300
485 159 150 1 30 120 300
486 93 71 2 30 120 180
487 93 91 2 30 120 300
488 75 88 1 60 180 240
489 100 112 1 30 0 180
490 151 132 1 30 240 360
491 116 132 2 45 300 420
492 167 56 1 30 300 420
493 113 100 1 20 240 360
494 104 123 2 30 240 420
495 66 83 1 45 120 300
496 115 113 3 30 240 360
497 60 97 1 30 60 180
498 178 115 1 20 120 240
499 163 68 2 30 240 360
500 121 102 1 30 180 240
501 104 112 1 60 300 420
502 112 87 1 30 60 180
503 193 91 3 30 60 120
504 166 120 2 30 0 180
505 106 132 3 20 240 360
506 212 105 2 30 0 180
507 155 129 1 30 240 300
508 57 78 2 30 300 480
509 101 61 1 45 240 360
510 77 35 3 30 300 480
511 149 118 2 30 120 180
512 186 96 3 20 300 360
513 64 61 1 45 60 120
514 178 114 1 30 0 120
515 102 119 2 30 240 300
516 199 137 2 30 300 480
517 64 96 1 30 300 360
518 112 91 2 30 180 360
519 115 88 2 60 0 180
520 146 114 1 45 0 60
521 108 112 2 20 120 300
522 181 106 2 45 300 420
523 101 132 1 30 0 60
524 86 82 1 30 120 240
525 206 114 2 30 0 180
526 163 123 2 30 180 300
527 160 113 1 45 60 180
528 82 79 3 30 300 480
529 76 114 1 60 0 180
530 140 91 2 45 60 240
531 96 82 1 20 180 240
532 138 98 2 45 180 360
533 154 92 2 60 240 300
534 90 68 1 20 240 420
535 69 80 2 30 60 120
536 167 94 1 45 120 240
537 155 136 1 20 240 420
538 94 97 1 30 180 360
539 110 83 3 45 60 180
540 182 93 1 20 180 240
541 164 101 2 30 60 180
542 85 70 2 45 300 480
543 103 91 2 30 240 360
544 164 119 2 45 240 300
545 177 86 1 30 240 360
546 153 101 3 30 300 420
547 95 94 2 60 180 360
548 58 120 1 45 240 300
549 167 87 1 30 60 180
550 154 83 2 20 300 360
551 102 137 1 30 120 300
552 77 79 3 60 60 120
553 158 146 2 30 240 420
554 174 119 2 30 60 120
555 168 105 1 45 60 120
556 188 66 1 30 120 300
557 90 73 2 30 300 420
558 153 89 2 30 60 240
559 55 71 1 30 0 180
560 118 106 1 60 0 120
561 89 131 2 20 60 180
562 106 92 1 20 240 360
563 72 68 2 60 60 180
564 88 110 1 20 60 180
565 153 107 2 30 180 360
566 84 110 2 45 300 480
567 93 127 2 30 180 240
568 89 111 1 30 300 420
569 179 129 2 30 300 480
570 80 99 3 30 0 120
571 168 79 1 45 300 360
572 187 84 3 30 180 360
573 144 87 1 30 0 60
574 214 101 1 20 180 300
575 40 113 1 20 120 180
576 203 88 1 30 0 120
577 88 84 1 20 60 240
578 67 84 1 45 180 360
579 117 102 2 30 60 120
580 205 98 1 45 240 360
581 143 133 2 30 240 360
582 105 125 1 45 60 180
583 164 109 1 30 0 120
584 80 97 2 45 300 480
585 194 117 2 30 180 240
586 57 120 2 20 60 180
587 158 100 1 30 240 300
588 195 99 2 30 240 420
589 110 106 1 30 300 420
590 105 122 1 45 120 240
591 84 89 1 30 240 420
592 100 76 2 30 60 120
593 55 66 1 20 120 300
594 32 95 2 60 300 480
595 60 56 1 30 300 360
596 154 144 2 20 180 240
597 199 89 3 20 120 180
598 190 112 1 45 120 300
599 152 127 1 30 240 300
600 144 127 1 30 120 300
601 98 138 1 30 60 120
602 85 57 2 20 240 300
603 192 113 3 30 240 300
604 99 66 3 30 0 180
605 170 104 1 20 180 360
606 79 65 1 30 300 480
607 135 106 1 45 120 240
608 212 83 2 20 0 120
609 162 119 1 30 240 360
610 165 81 1 20 0 180
611 164 112 1 30 180 300
612 206 107 1 20 240 420
613 71 138 1 60 60 240
614 152 84 2 60 180 300
615 152 103 1 60 60 120
616 181 113 1 30 300 360
617 124 117 1 45 180 360
618 116 80 2 20 180 300
619 72 106 2 60 180 360
620 93 88 1 30 300 420
621 93 93 2 30 300 480
622 143 132 2 20 240 420
623 159 135 2 30 240 420
624 88 101 1 20 300 360
625 93 69 1 30 120 180
626 154 125 3 30 300 360
627 126 69 1 30 0 60
628 104 86 1 20 300 480
629 159 120 2 20 180 360
630 202 87 2 30 180 300
631 83 82 1 30 240 300
632 109 90 2 20 180 360
633 198 116 2 30 60 180
634 117 73 2 45 300 480
635 88 117 1 45 0 180
636 214 85 2 30 180 300
637 111 128 3 20 300 360
638 153 90 1 30 120 300
639 138 111 2 20 0 180
640 176 103 2 20 60 240
641 178 99 2 30 240 360
642 151 91 1 60 180 240
643 149 115 1 60 240 360
644 92 99 1 30 0 180
645 193 91 2 45 180 240
646 120 112 2 30 120 300
647 176 99 2 20 60 240
648 145 124 2 20 0 180
649 73 110 1 30 180 240
650 94 90 3 20 120 180
651 52 109 2 30 240 360
652 163 118 2 30 0 120
653 165 87 2 30 180 240
654 114 121 1 30 240 420
655 167 107 1 20 180 360
656 117 127 2 30 300 480
657 154 122 2 30 120 300
658 183 101 1 45 300 360
659 170 121 2 60 300 480
660 87 124 2 30 240 420
661 90 66 2 60 240 360
662 173 127 2 20 60 240
663 96 109 1 30 300 480
664 89 72 2 20 0 60
665 185 106 2 20 120 180
666 194 88 1 45 240 300
667 135 110 2 30 240 420
668 190 142 1 45 180 360
669 145 107 1 30 60 240
670 158 109 1 20 300 360
671 101 90 1 30 240 300
672 87 112 2 30 240 300
673 159 131 2 30 0 120
674 110 112 2 30 0 60
675 226 82 2 20 120 240
676 92 63 1 20 60 240
677 78 59 2 30 120 300
678 175 115 1 60 60 240
679 140 135 1 30 0 60
680 172 127 2 30 300 420
681 135 103 1 45 180 300
682 186 87 2 45 180 300
683 119 101 2 20 0 120
684 72 112 1 30 300 360
685 100 74 1 20 300 420
686 149 78 1 45 300 480
687 195 126 1 60 120 180
688 77 78 1 30 0 120
689 177 95 2 45 240 360
690 155 101 1 30 240 360
691 150 150 1 30 120 240
692 82 99 3 45 180 240
693 69 79 2 45 300 480
694 170 117 2 30 0 60
695 183 104 2 60 0 60
696 173 132 2 45 300 360
697 166 90 1 30 180 240
698 192 106 1 30 60 180
699 183 55 1 30 60 120
700 109 61 1 30 300 360
701 98 93 1 60 240 360
702 66 84 2 45 60 120
703 103 60 2 30 300 360
704 95 109 2 30 180 240
705 173 71 2 20 60 120
706 141 135 2 20 0 120
707 134 115 1 45 0 180
708 103 49 2 20 300 420
709 136 114 1 30 180 360
710 173 102 1 45 240 420
711 113 73 2 45 0 120
712 190 78 1 20 180 300
713 75 88 1 20 60 240
714 80 103 2 30 120 240
715 155 64 1 20 180 360
716 157 108 2 30 180 360
717 68 70 2 30 120 240
718 174 119 1 30 60 120
719 186 131 3 45 300 480
720 184 124 1 20 60 120
721 61 114 2 30 240 360
722 174 99 2 60 0 120
723 148 132 2 30 0 120
724 131 97 1 45 180 240
725 173 111 2 45 180 300
726 116 105 1 45 300 420
727 73 87 1 20 120 240
728 75 127 1 20 0 120
729 170 116 2 30 180 300
730 99 133 1 30 120 300
731 94 127 1 30 60 240
732 56 93 1 30 300 360
733 115 133 1 30 240 360
734 192 82 1 60 240 300
735 188 97 2 30 240 420
736 138 85 1 20 180 300
737 176 83 2 60 180 360
738 197 116 2 30 60 120
739 163 107 1 30 180 360
740 159 102 1 30 60 120
741 59 103 1 60 240 420
742 91 80 1 20 60 120
743 161 94 1 30 180 360
744 107 111 1 60 180 240
745 188 109 3 30 0 180
746 156 121 1 30 180 360
747 159 142 1 45 60 240
748 60 64 2 30 0 180
749 188 81 1 30 60 120
750 65 92 1 30 60 180
751 119 134 1 45 0 180
752 201 94 2 30 120 240
753 72 41 2 45 120 240
754 172 82 2 30 180 360
755 117 101 1 30 240 300
756 177 106 2 45 120 180
757 90 126 1 30 0 60
758 92 84 1 45 240 300
759 157 111 1 20 240 360
760 84 144 1 20 180 300
761 104 115 1 30 60 180
762 174 95 1 60 300 480
763 101 123 1 30 300 360
764 160 95 1 20 240 360
765 121 108 2 30 240 300
766 197 102 3 30 300 480
767 160 124 2 45 240 420
768 79 73 1 30 60 120
769 127 126 2 30 180 240
770 114 97 1 20 180 300
771 182 95 2 20 240 360
772 94 98 1 20 300 480
773 184 88 3 60 240 360
774 161 65 2 30 180 240
775 88 107 1 30 180 300
776 153 85 3 30 60 240
777 188 141 2 20 60 180
778 155 118 2 30 120 300
779 76 100 2 30 180 300
780 159 83 1 45 120 180
781 171 98 3 45 0 60
782 81 92 2 45 180 300
783 61 95 1 20 0 120
784 80 83 2 45 120 300
785 132 91 1 30 300 360
786 65 111 2 20 60 180
787 168 117 1 30 300 360
788 102 102 1 30 0 60
789 88 65 2 45 300 360
790 161 94 2 30 60 240
791 195 94 1 30 120 240
792 81 112 1 30 240 300
793 190 92 1 45 240 420
794 184 74 1 45 120 240
795 112 101 2 60 300 360
796 50 88 2 30 120 180
797 61 48 1 20 60 240
798 151 129 3 60 300 480
799 106 127 2 30 300 360
800 51 64 3 30 0 180
801 151 114 2 45 180 300
802 156 99 1 30 180 360
803 37 47 1 30 300 420
804 93 127 2 30 240 420
805 112 117 1 45 60 120
806 188 120 2 45 180 240
807 86 111 2 20 180 300
808 109 108 1 45 240 300
809 102 57 2 30 0 60
810 153 124 1 30 300 360
811 184 110 2 30 180 240
812 97 102 3 30 120 240
813 143 132 1 30 60 240
814 69 64 2 30 0 120
815 190 112 1 30 60 240
816 146 79 2 30 120 300
817 57 81 1 30 240 300
818 154 85 1 20 0 120
819 154 91 1 45 240 300
820 168 91 1 20 60 180
821 74 105 2 20 300 360
822 123 125 3 60 60 240
823 67 60 2 45 180 240
824 161 66 2 60 60 240
825 110 114 1 20 0 120
826 99 95 1 45 240 420
827 180 79 2 30 300 480
828 177 80 1 60 180 300
829 82 135 1 20 60 120
830 82 101 1 30 120 240
831 159 90 3 30 0 180
832 95 104 1 20 180 360
833 82 92 1 45 120 300
834 177 84 1 30 240 420
835 198 90 2 30 60 120
836 165 129 1 30 180 300
837 134 118 1 20 300 420
838 119 105 2 20 120 240
839 175 72 2 45 0 180
840 74 57 1 30 240 300
841 181 146 1 30 0 180
842 207 125 1 20 60 120
843 95 98 2 20 300 360
844 198 92 1 60 300 420
845 79 56 3 30 60 120
846 160 93 2 60 60 180
847 97 104 2 30 0 180
848 113 90 2 45 120 300
849 154 94 1 30 120 240
850 182 108 1 30 180 360
851 104 108 1 20 300 480
852 78 71 2 30 0 60
853 140 109 2 45 240 420
854 72 95 1 45 120 240
855 93 81 1 45 300 360
856 149 96 2 30 240 420
857 76 75 3 30 240 360
858 141 78 1 20 60 120
859 204 92 1 30 120 180
860 89 58 3 30 240 360
861 156 135 2 60 240 360
862 87 105 2 30 240 300
863 100 107 1 20 60 120
864 94 78 1 30 0 120
865 87 59 1 20 60 120
866 149 124 2 60 0 180
867 98 39 2 30 240 360
868 178 98 1 30 240 360
869 156 135 1 30 180 300
870 104 107 1 30 0 180
871 209 126 1 30 60 240
872 156 81 1 45 60 120
873 162 123 2 30 0 60
874 107 104 2 30 60 240
875 146 93 1 20 240 420
876 78 84 2 30 60 120
877 172 118 1 20 120 300
878 96 97 1 30 120 180
879 104 106 1 30 180 300
880 93 91 1 30 120 180
881 103 104 1 30 0 180
882 109 94 2 30 120 300
883 141 108 3 20 240 300
884 166 55 3 20 60 180
885 102 101 2 30 300 420
886 159 117 1 30 0 180
887 87 88 1 30 300 480
888 126 124 2 60 120 240
889 89 118 1 20 180 360
890 185 97 1 60 180 360
891 170 85 1 20 180 360
892 72 70 2 30 60 120
893 134 106 2 30 300 360
894 61 129 3 30 60 180
895 108 94 2 45 240 420
896 105 134 2 30 240 360
897 81 111 2 30 120 240
898 190 126 2 45 0 120
899 174 73 1 60 180 300
900 76 85 3 30 60 120
901 193 120 1 30 300 480
902 89 97 2 30 240 300
903 183 93 1 30 240 360
904 99 69 1 45 300 420
905 112 113 2 30 300 360
906 128 100 2 30 300 420
907 170 98 2 30 240 300
908 147 112 2 30 300 420
909 146 141 2 30 0 180
910 141 86 1 20 0 120
911 156 79 2 30 120 300
912 166 91 3 30 240 420
913 129 105 1 60 60 120
914 165 101 3 30 240 360
915 160 108 2 45 180 240
916 183 105 3 45 240 300
917 159 126 2 45 240 420
918 153 121 2 30 60 180
919 134 84 2 30 120 240
920 114 104 1 30 0 120
921 88 100 1 30 180 240
922 186 114 2 20 60 180
923 159 128 1 45 300 420
924 116 95 1 20 300 480
925 166 131 2 45 300 480
926 162 118 3 30 0 180
927 175 86 1 20 300 480
928 114 95 2 60 180 300
929 70 86 1 30 120 240
930 106 85 2 30 120 180
931 185 124 1 30 240 420
932 134 106 3 20 60 240
933 204 105 1 30 0 60
934 63 69 1 30 0 60
935 82 108 1 20 180 240
936 168 103 1 45 60 240
937 119 114 2 30 0 180
938 214 116 3 30 240 300
939 173 119 1 45 0 120
940 85 92 3 45 120 180
941 128 121 3 30 240 360
942 156 95 2 20 180 360
943 186 132 1 45 300 480
944 162 79 2 20 180 300
945 191 93 1 30 180 240
946 103 116 1 30 120 180
947 171 80 1 45 240 360
948 89 93 2 30 0 120
949 177 98 1 30 180 360
950 169 68 2 45 180 360
951 83 112 1 30 60 180
952 205 100 1 30 300 360
953 184 134 3 30 300 480
954 205 88 2 30 240 360
955 67 73 2 30 60 180
956 198 123 2 30 240 360
957 117 106 1 30 0 120
958 89 86 1 20 120 180
959 154 94 2 45 180 360
960 73 93 1 30 180 240
961 123 113 2 30 300 420
962 91 118 2 20 240 300
963 157 70 2 30 60 240
964 69 50 1 30 60 240
965 202 70 1 20 180 360
966 169 114 3 30 180 240
967 79 120 2 45 0 120
968 92 86 1 45 240 420
969 53 103 1 30 240 300
970 109 71 1 60 180 240
971 173 140 1 60 240 300
972 64 116 1 20 180 240
973 98 98 2 30 240 420
974 115 107 2 30 60 120
975 90 58 1 30 60 120
976 129 90 2 30 240 360
977 198 94 1 20 240 300
978 152 110 3 20 0 60
979 122 137 1 30 0 180
980 107 78 1 20 0 180
981 168 107 1 60 0 180
982 124 162 3 60 300 420
983 70 65 2 30 60 120
984 169 101 1 30 300 480
985 136 134 2 45 60 180
986 163 108 1 30 300 420
987 58 44 2 30 300 480
988 201 72 1 45 60 180
989 141 81 1 30 180 240
990 158 97 1 45 0 120
991 96 137 1 20 60 240
992 197 93 2 30 240 360
993 115 72 1 20 60 180
994 160 83 1 30 120 300
995 160 106 1 60 180 240
996 111 112 1 45 180 360
997 177 91 2 45 120 180
998 153 101 2 45 60 120
999 171 84 2 30 300 420
1000 220 108 1 20 0 60